xdat_sec=[0.505782322224352
3.95959209339203
7.09516909533313
9.91333351559723
12.1007737102551
14.5990649861935
16.4674522240752
18.0200672553791
19.8851737430626
22.6910353500834
25.4968969571042
28.3052191267736
31.1143614839927
34.2359952975914
37.3584492987396
41.7325095005058
46.4198813462012
49.8589277414769
52.9846624928234
56.4237088880991
59.8627552833748
64.2417366104382
67.9949148371928
72.0597643327774
75.8121223719824
79.5644804111874
83.9442819258004
87.3849686961752
91.4522787544085
94.8921453372337
98.0195204636793
100];

ydat_sec=[3.55277906881373
3.87511277578805
4.97990540503595
6.71050113459278
8.90942395494437
11.735790250704
14.8738278152938
18.3243568362632
22.0890176887115
26.1694507477376
30.2498838067638
33.8603493998961
37.3141591710638
41.0821007737103
44.6933865543921
49.2478880170599
53.9598654892419
57.1020039915794
60.0866664844028
63.2288049867403
66.3709434890778
69.9855100199579
73.128468709845
76.7422150531755
80.0418295650272
83.3414440768789
86.7993547857943
89.6281816442026
92.7719605216393
95.7574432020122
98.4287940509063
100];

xdat_sec=0.01*xdat_sec;
ydat_sec=0.01*ydat_sec;

xdat=[0.00483288502733
0.024472562101481
0.044096021440641
0.058773071607534
0.083294286913988
0.102852875313184
0.127341655149656
0.146900243548852
0.161577293715744
0.18113588211494
0.19578049681185
0.215339085211046
0.229999917642947
0.254472479744428
0.274031068143625
0.293589656542821
0.313132027207026
0.337588371573515
0.371824010139604
0.406075866440683
0.44029528727178
0.47456336130785
0.513745409046206
0.543083291645
0.58717931308564
0.626328925354014
0.660629434860066
0.694897508896137
0.734079556634493
0.773229168902867
0.822239164045793
0.856507238081864
0.900587041787514
0.949564601460459
0.983865110966511
1.02306337643986
1.05736388594591
1.08675042174968
1.12598112269301
1.16029784993405
1.21422181877926
1.26326424939217
1.3024949503355
1.3466558427161
1.39571449106401
1.43497762747732
1.50863857980663];

ydat=[0.013508209475996
0.024765050705993
0.038273260181989
0.054032837903984
0.072043783871979
0.094557466331972
0.117071148791966
0.139584831251959
0.155344408973954
0.177858091433948
0.198120405647942
0.220634088107936
0.23864503407593
0.263410084781923
0.285923767241916
0.308437449701909
0.333202500407902
0.360218919359894
0.398492179541882
0.434514071477873
0.47503869990586
0.50880922359585
0.544831115531841
0.578601639221831
0.616874899403819
0.657399527831807
0.686667315029798
0.720437838719788
0.756459730655778
0.796984359083766
0.837508987511754
0.871279511201745
0.911804139629733
0.95683150454972
0.98609929174771
1.0198698154377
1.04913760263569
1.07615402158768
1.10542180878568
1.13243822773767
1.17521422441165
1.21123611634765
1.24050390354564
1.26977169074363
1.30354221443362
1.32830726513961
1.3688318935676];

